not_infected	infected	immnuned
75	5	4
73	7	4
73	7	4
72	8	4
72	8	4
72	8	4
72	8	4
72	8	4
72	8	4
72	8	4
72	8	4
72	8	4
71	9	4
71	9	4
71	9	4
71	9	4
71	9	4
71	9	4
71	9	4
71	9	4
71	9	4
68	12	4
68	12	4
68	12	4
68	12	4
68	12	4
68	12	4
68	12	4
68	12	4
67	13	4
67	13	4
66	14	4
63	17	4
63	17	4
62	18	4
60	20	4
59	21	4
59	21	4
59	21	4
59	21	4
58	22	4
57	23	4
56	24	4
55	25	4
54	26	4
53	27	4
53	27	4
53	27	4
53	27	4
51	29	4
51	29	4
51	29	4
51	29	4
51	29	4
51	29	4
50	30	4
50	30	4
50	30	4
49	31	4
49	31	4
48	32	4
48	32	4
48	32	4
46	34	4
46	34	4
46	34	4
46	34	4
46	34	4
46	34	4
44	36	4
43	37	4
42	38	4
42	38	4
41	39	4
41	39	4
41	39	4
37	43	4
33	47	4
31	49	4
31	49	4
31	49	4
31	49	4
31	49	4
30	50	4
30	50	4
29	51	4
28	52	4
28	52	4
28	52	4
28	52	4
25	55	4
24	56	4
23	57	4
22	58	4
21	59	4
21	59	4
21	59	4
21	59	4
21	59	4
21	59	4
21	59	4
21	59	4
19	61	4
20	60	4
19	61	4
19	61	4
19	61	4
19	61	4
18	62	4
17	63	4
16	64	4
16	64	4
16	64	4
16	64	4
16	64	4
16	64	4
16	64	4
17	63	4
17	63	4
17	63	4
17	63	4
15	65	4
14	66	4
14	66	4
15	65	4
15	65	4
14	66	4
12	68	4
11	69	4
11	69	4
10	70	4
9	71	4
9	71	4
9	71	4
9	71	4
9	71	4
9	71	4
9	71	4
9	71	4
9	71	4
9	71	4
8	72	4
8	72	4
8	72	4
8	72	4
8	72	4
8	72	4
9	71	4
9	71	4
10	70	4
9	71	4
9	71	4
8	72	4
8	72	4
8	72	4
8	72	4
8	72	4
9	71	4
9	71	4
10	70	4
10	70	4
10	70	4
10	70	4
10	70	4
10	70	4
10	70	4
9	71	4
9	71	4
8	72	4
8	72	4
8	72	4
8	72	4
8	72	4
8	72	4
10	70	4
10	70	4
11	69	4
11	69	4
10	70	4
9	71	4
9	71	4
9	71	4
9	71	4
8	72	4
6	74	4
5	75	4
5	75	4
5	75	4
5	75	4
5	75	4
6	74	4
6	74	4
6	74	4
7	73	4
7	73	4
7	73	4
8	72	4
9	71	4
8	72	4
8	72	4
7	73	4
7	73	4
8	72	4
8	72	4
8	72	4
8	72	5
8	72	8
8	72	8
8	72	8
8	72	8
8	72	8
8	72	8
8	72	8
8	72	8
8	72	8
8	72	8
8	72	8
8	72	8
9	71	8
9	71	8
9	71	8
9	71	8
9	71	8
9	71	8
9	71	8
9	71	8
9	71	8
10	70	8
10	70	8
10	70	8
11	69	8
12	68	8
12	68	8
12	68	8
12	68	9
12	68	9
12	68	9
12	68	9
12	68	9
12	68	9
14	66	9
14	66	9
14	66	9
14	66	9
14	66	9
14	66	9
14	66	9
15	65	9
15	65	10
15	65	10
15	65	10
15	65	11
16	64	11
17	63	11
17	63	11
18	62	11
18	62	11
18	62	11
18	62	11
18	62	11
18	62	11
19	61	11
19	61	12
19	61	12
21	59	12
21	59	12
22	58	12
21	59	12
21	59	12
21	59	12
21	59	12
21	59	12
21	59	12
21	59	12
22	58	12
22	58	12
23	57	12
23	57	12
24	56	12
25	55	12
25	55	12
26	54	13
26	54	13
25	55	14
25	55	14
24	56	14
21	59	15
21	59	15
21	59	15
22	58	15
22	58	15
22	58	15
22	58	15
22	58	15
22	58	15
22	58	15
22	58	15
22	58	15
23	57	15
22	58	15
22	58	15
22	58	15
22	58	15
22	58	15
22	58	15
23	57	15
23	57	15
23	57	15
23	57	16
23	57	16
24	56	16
24	56	16
24	56	16
24	56	16
25	55	16
25	55	16
25	55	17
25	55	17
25	55	17
25	55	17
25	55	17
25	55	17
25	55	17
26	54	18
26	54	18
27	53	18
29	51	18
29	51	18
29	51	18
29	51	18
30	50	18
30	50	18
30	50	18
30	50	18
30	50	18
30	50	18
30	50	18
31	49	18
31	49	18
30	50	18
29	51	18
29	51	18
25	55	17
25	55	17
26	54	17
26	54	17
26	54	17
27	53	17
27	53	17
27	53	17
28	52	17
28	52	17
28	52	17
28	52	17
28	52	17
27	53	17
28	52	17
27	53	17
28	52	17
28	52	17
28	52	17
29	51	17
29	51	17
28	52	17
28	52	17
28	52	17
29	51	17
29	51	17
29	51	17
31	49	17
32	48	17
33	47	17
35	45	17
35	45	17
34	46	17
34	46	17
34	46	17
35	45	17
34	46	17
31	49	17
31	49	17
31	49	17
30	50	17
30	50	17
30	50	17
30	50	17
30	50	17
32	48	17
32	48	17
32	48	17
32	48	17
32	48	17
32	48	17
32	48	17
32	48	17
34	46	17
34	46	17
33	47	17
32	48	17
32	48	17
33	47	17
34	46	17
33	47	17
34	46	17
36	44	17
37	43	17
37	43	17
37	43	17
37	43	17
37	43	17
38	42	17
38	42	17
38	42	17
38	42	17
37	43	17
36	44	18
36	44	18
34	46	18
35	45	18
34	46	18
34	46	20
34	46	21
34	46	21
34	46	21
36	44	21
38	42	21
37	43	21
36	44	21
36	44	21
37	43	21
38	42	21
37	43	21
37	43	21
38	42	21
38	42	21
38	42	21
38	42	21
38	42	21
38	42	21
38	42	21
37	43	21
38	42	21
40	40	21
40	40	21
40	40	21
40	40	21
40	40	21
40	40	21
41	39	21
40	40	21
39	41	21
40	40	21
40	40	21
40	40	21
40	40	21
40	40	21
42	38	21
42	38	21
42	38	21
42	38	21
41	39	21
41	39	21
40	40	21
40	40	21
40	40	22
40	40	22
40	40	22
40	40	22
41	39	22
41	39	22
42	38	22
41	39	22
40	40	22
40	40	22
40	40	22
40	40	23
39	41	23
40	40	23
39	41	23
39	41	23
40	40	23
39	41	23
41	39	23
40	40	23
40	40	23
41	39	23
41	39	23
40	40	23
41	39	23
42	38	23
42	38	23
41	39	23
41	39	23
41	39	23
41	39	23
41	39	23
43	37	23
42	38	23
41	39	23
40	40	23
38	42	23
36	44	23
35	45	23
37	43	24
38	42	24
38	42	24
39	41	24
41	39	24
41	39	24
42	38	24
42	38	24
43	37	24
45	35	25
44	36	25
44	36	25
44	36	25
46	34	25
47	33	25
48	32	26
47	33	26
46	34	26
45	35	27
45	35	27
45	35	27
44	36	27
45	35	27
45	35	27
46	34	27
47	33	27
47	33	27
47	33	27
47	33	27
47	33	29
46	34	29
46	34	29
46	34	29
47	33	29
47	33	29
48	32	29
48	32	30
48	32	30
48	32	30
48	32	30
49	31	30
50	30	30
50	30	30
52	28	29
51	29	30
51	29	30
52	28	30
52	28	30
53	27	31
53	27	31
52	28	31
52	28	31
52	28	31
56	24	31
56	24	32
56	24	33
57	23	34
57	23	35
56	24	35
56	24	35
57	23	35
56	24	37
56	24	37
55	25	36
55	25	36
55	25	36
55	25	36
55	25	36
56	24	36
56	24	36
56	24	36
57	23	36
57	23	36
57	23	37
58	22	37
58	22	38
58	22	39
59	21	39
59	21	39
59	21	39
59	21	40
59	21	40
59	21	40
59	21	40
60	20	40
61	19	40
60	20	40
60	20	40
60	20	40
60	20	40
61	19	40
61	19	41
62	18	41
61	19	42
61	19	43
61	19	43
61	19	43
62	18	43
62	18	45
62	18	45
63	17	46
63	17	46
63	17	46
64	16	46
64	16	46
64	16	46
64	16	46
63	17	46
63	17	46
63	17	46
63	17	46
63	17	46
63	17	46
63	17	46
63	17	46
63	17	47
64	16	47
64	16	47
64	16	47
64	16	47
63	17	47
64	16	47
64	16	47
65	15	47
66	14	47
65	15	47
65	15	47
65	15	47
65	15	47
65	15	47
65	15	47
64	16	47
64	16	47
64	16	47
63	17	47
61	19	47
61	19	47
60	20	47
60	20	47
60	20	47
60	20	47
60	20	47
60	20	47
61	19	48
61	19	48
61	19	49
62	18	49
63	17	49
64	16	49
64	16	49
63	17	49
63	17	49
63	17	49
62	18	49
63	17	49
64	16	49
63	17	49
63	17	49
62	18	51
64	16	52
64	16	52
64	16	52
64	16	52
64	16	53
64	16	53
64	16	53
65	15	53
65	15	54
65	15	54
65	15	54
66	14	55
66	14	56
66	14	56
66	14	56
66	14	56
66	14	56
66	14	56
66	14	56
66	14	56
65	15	56
64	16	56
65	15	56
65	15	56
65	15	56
65	15	56
65	15	56
66	14	56
66	14	56
66	14	56
67	13	56
66	14	56
66	14	57
66	14	57
67	13	57
67	13	57
68	12	57
68	12	57
68	12	57
68	12	57
68	12	57
68	12	58
68	12	58
67	13	58
65	15	58
65	15	58
65	15	58
65	15	58
65	15	58
66	14	58
67	13	58
68	12	59
68	12	59
69	11	60
69	11	60
69	11	61
69	11	61
68	12	61
67	13	61
67	13	61
67	13	61
68	12	61
69	11	61
69	11	62
69	11	62
69	11	62
69	11	62
69	11	62
69	11	62
69	11	63
69	11	63
69	11	63
68	12	63
68	12	63
69	11	63
69	11	63
69	11	63
69	11	63
69	11	64
69	11	64
69	11	64
69	11	65
69	11	65
69	11	65
69	11	65
69	11	65
69	11	65
69	11	65
69	11	65
69	11	65
69	11	65
70	10	65
70	10	65
70	10	65
71	9	65
73	7	65
73	7	65
73	7	65
73	7	66
74	6	67
74	6	67
74	6	68
74	6	68
74	6	68
73	7	68
74	6	68
74	6	68
74	6	68
74	6	68
75	5	68
74	6	68
74	6	68
74	6	68
73	7	68
73	7	68
73	7	68
73	7	68
73	7	68
74	6	68
75	5	68
76	4	68
76	4	68
76	4	68
76	4	68
77	3	68
77	3	68
77	3	68
77	3	68
77	3	68
78	2	68
78	2	68
78	2	68
79	1	68
79	1	68
79	1	68
79	1	68
79	1	68
79	1	68
79	1	68
79	1	68
79	1	68
78	2	68
78	2	70
78	2	70
78	2	70
77	3	70
77	3	70
76	4	70
76	4	70
76	4	71
76	4	71
77	3	71
77	3	71
77	3	71
77	3	71
77	3	71
77	3	71
77	3	72
78	2	73
78	2	73
78	2	73
78	2	73
78	2	73
78	2	73
78	2	73
78	2	73
78	2	73
78	2	73
78	2	73
78	2	74
78	2	74
78	2	74
78	2	74
78	2	74
78	2	74
78	2	74
78	2	74
78	2	74
78	2	74
78	2	74
78	2	74
78	2	74
78	2	74
78	2	74
78	2	74
78	2	74
78	2	74
78	2	74
78	2	75
78	2	76
78	2	76
78	2	76
78	2	76
78	2	76
78	2	76
78	2	76
78	2	76
78	2	76
78	2	76
78	2	76
78	2	76
79	1	76
79	1	76
79	1	77
79	1	77
79	1	77
79	1	77
79	1	77
79	1	77
79	1	77
79	1	77
79	1	77
80	0	77
80	0	77
80	0	78
80	0	78
80	0	78
80	0	78
80	0	78
80	0	78
80	0	78
80	0	79
80	0	79
80	0	79
80	0	79
80	0	79
80	0	79
80	0	79
80	0	79
80	0	79
80	0	79
80	0	79
80	0	79
80	0	79
80	0	79
80	0	79
80	0	79
80	0	79
80	0	79
80	0	79
80	0	79
80	0	79
80	0	79
80	0	79
80	0	79
80	0	79
80	0	79
80	0	79
80	0	79
80	0	79
80	0	79
80	0	79
80	0	79
80	0	79
80	0	79
80	0	79
80	0	79
80	0	79
80	0	79
80	0	79
80	0	79
80	0	79
80	0	79
80	0	79
80	0	79
80	0	79
80	0	79
80	0	79
80	0	79
80	0	79
80	0	79
80	0	79
80	0	79
80	0	79
80	0	79
80	0	79
80	0	79
80	0	79
80	0	79
80	0	79
80	0	79
80	0	79
80	0	79
